## without num_large_appliances

num clusters: 2
k grouping: 0
       num_small_appliances  num_members_in_household  household_income  primary_head_avg_work_hours  weekday_shopper       k2
count          92704.000000              92704.000000      92704.000000                 92704.000000          92704.0  92704.0
mean              11.064032                  2.934652          6.076760                    20.117018              1.0      0.0
std                4.160981                  1.376895          2.884009                    19.007082              0.0      0.0
min                0.000000                  1.000000          1.000000                     0.000000              1.0      0.0
25%                8.000000                  2.000000          4.000000                     0.000000              1.0      0.0
50%               10.000000                  3.000000          6.000000                    20.000000              1.0      0.0
75%               14.000000                  4.000000          8.000000                    40.000000              1.0      0.0
max               21.000000                  8.000000         14.000000                    90.000000              1.0      0.0
k grouping: 1
       num_small_appliances  num_members_in_household  household_income  primary_head_avg_work_hours  weekday_shopper       k2
count          22551.000000              22551.000000      22551.000000                 22551.000000          22551.0  22551.0
mean              11.553013                  3.108510          6.703783                    31.465523              0.0      1.0
std                4.006992                  1.241798          2.639990                    17.589630              0.0      0.0
min                1.000000                  1.000000          1.000000                     0.000000              0.0      1.0
25%                8.000000                  2.000000          5.000000                    20.000000              0.0      1.0
50%               12.000000                  3.000000          6.000000                    40.000000              0.0      1.0
75%               15.000000                  4.000000          9.000000                    40.000000              0.0      1.0
max               21.000000                  7.000000         14.000000                    80.000000              0.0      1.0


num clusters: 5
k grouping: 0
       num_small_appliances  num_members_in_household  household_income  primary_head_avg_work_hours  weekday_shopper       k2       k5
count          25225.000000              25225.000000      25225.000000                 25225.000000          25225.0  25225.0  25225.0
mean              10.282260                  2.475520          5.299703                    38.946323              1.0      0.0      0.0
std                3.349822                  0.951136          1.808662                     8.020187              0.0      0.0      0.0
min                3.000000                  1.000000          1.000000                    16.000000              1.0      0.0      0.0
25%                8.000000                  2.000000          4.000000                    36.000000              1.0      0.0      0.0
50%               10.000000                  2.000000          5.000000                    40.000000              1.0      0.0      0.0
75%               13.000000                  3.000000          7.000000                    40.000000              1.0      0.0      0.0
max               21.000000                  5.000000         11.000000                    90.000000              1.0      0.0      0.0
k grouping: 1
       num_small_appliances  num_members_in_household  household_income  primary_head_avg_work_hours  weekday_shopper       k2       k5
count          19831.000000              19831.000000      19831.000000                 19831.000000          19831.0  19831.0  19831.0
mean              14.406787                  4.627502          6.522515                    24.323584              1.0      0.0      1.0
std                3.392031                  0.996448          1.749630                    16.472797              0.0      0.0      0.0
min                5.000000                  2.000000          1.000000                     0.000000              1.0      0.0      1.0
25%               13.000000                  4.000000          5.000000                    10.000000              1.0      0.0      1.0
50%               15.000000                  4.000000          6.000000                    25.000000              1.0      0.0      1.0
75%               17.000000                  5.000000          8.000000                    40.000000              1.0      0.0      1.0
max               21.000000                  8.000000         12.000000                    64.000000              1.0      0.0      1.0
k grouping: 2
       num_small_appliances  num_members_in_household  household_income  primary_head_avg_work_hours  weekday_shopper       k2       k5
count          22551.000000              22551.000000      22551.000000                 22551.000000          22551.0  22551.0  22551.0
mean              11.553013                  3.108510          6.703783                    31.465523              0.0      1.0      2.0
std                4.006992                  1.241798          2.639990                    17.589630              0.0      0.0      0.0
min                1.000000                  1.000000          1.000000                     0.000000              0.0      1.0      2.0
25%                8.000000                  2.000000          5.000000                    20.000000              0.0      1.0      2.0
50%               12.000000                  3.000000          6.000000                    40.000000              0.0      1.0      2.0
75%               15.000000                  4.000000          9.000000                    40.000000              0.0      1.0      2.0
max               21.000000                  7.000000         14.000000                    80.000000              0.0      1.0      2.0
k grouping: 3
       num_small_appliances  num_members_in_household  household_income  primary_head_avg_work_hours  weekday_shopper       k2       k5
count          16255.000000              16255.000000      16255.000000                 16255.000000          16255.0  16255.0  16255.0
mean              12.413104                  3.143894         10.594832                    21.228607              1.0      0.0      3.0
std                4.010760                  1.141099          1.631364                    18.743764              0.0      0.0      0.0
min                3.000000                  1.000000          7.000000                     0.000000              1.0      0.0      3.0
25%                9.000000                  2.000000          9.000000                     0.000000              1.0      0.0      3.0
50%               12.000000                  3.000000         11.000000                    21.000000              1.0      0.0      3.0
75%               16.000000                  4.000000         11.000000                    40.000000              1.0      0.0      3.0
max               21.000000                  7.000000         14.000000                    70.000000              1.0      0.0      3.0
k grouping: 4
       num_small_appliances  num_members_in_household  household_income  primary_head_avg_work_hours  weekday_shopper       k2       k5
count          31393.000000              31393.000000      31393.000000                 31393.000000          31393.0  31393.0  31393.0
mean               8.882044                  2.125856          4.080145                     1.754372              1.0      0.0      4.0
std                3.641648                  0.955858          1.858686                     5.286073              0.0      0.0      0.0
min                0.000000                  1.000000          1.000000                     0.000000              1.0      0.0      4.0
25%                6.000000                  1.000000          3.000000                     0.000000              1.0      0.0      4.0
50%                8.000000                  2.000000          4.000000                     0.000000              1.0      0.0      4.0
75%               12.000000                  2.000000          5.000000                     0.000000              1.0      0.0      4.0
max               20.000000                  6.000000          9.000000                    30.000000              1.0      0.0      4.0



num clusters: 8
k grouping: 0
       num_small_appliances  num_members_in_household  household_income  primary_head_avg_work_hours  weekday_shopper       k2            k5       k8
count          17159.000000              17159.000000      17159.000000                 17159.000000          17159.0  17159.0  17159.000000  17159.0
mean              15.624046                  3.972609          7.443149                    37.080016              1.0      0.0      1.217845      0.0
std                2.286784                  1.142517          1.812268                    10.304347              0.0      0.0      0.938600      0.0
min                8.000000                  1.000000          3.000000                     0.000000              1.0      0.0      0.000000      0.0
25%               14.000000                  3.000000          6.000000                    30.000000              1.0      0.0      1.000000      0.0
50%               16.000000                  4.000000          7.000000                    40.000000              1.0      0.0      1.000000      0.0
75%               17.000000                  5.000000          9.000000                    40.000000              1.0      0.0      1.000000      0.0
max               21.000000                  7.000000         13.000000                    80.000000              1.0      0.0      3.000000      0.0
k grouping: 1
       num_small_appliances  num_members_in_household  household_income  primary_head_avg_work_hours  weekday_shopper       k2       k5       k8
count           12372.00000              12372.000000      12372.000000                 12372.000000          12372.0  12372.0  12372.0  12372.0
mean               13.39945                  3.552215          8.144035                    38.322745              0.0      1.0      2.0      1.0
std                 3.50894                  1.157937          2.266379                    12.741342              0.0      0.0      0.0      0.0
min                 6.00000                  2.000000          3.000000                     0.000000              0.0      1.0      2.0      1.0
25%                10.00000                  3.000000          6.000000                    40.000000              0.0      1.0      2.0      1.0
50%                13.00000                  4.000000          8.000000                    40.000000              0.0      1.0      2.0      1.0
75%                16.00000                  4.000000         10.000000                    40.000000              0.0      1.0      2.0      1.0
max                21.00000                  7.000000         14.000000                    80.000000              0.0      1.0      2.0      1.0
k grouping: 2
       num_small_appliances  num_members_in_household  household_income  primary_head_avg_work_hours  weekday_shopper       k2            k5       k8
count          21295.000000              21295.000000      21295.000000                 21295.000000          21295.0  21295.0  21295.000000  21295.0
mean               9.480394                  2.429490          5.195961                    39.273069              1.0      0.0      0.058793      2.0
std                2.781478                  0.965544          1.894479                     6.721188              0.0      0.0      0.427433      0.0
min                3.000000                  1.000000          1.000000                    16.000000              1.0      0.0      0.000000      2.0
25%                7.000000                  2.000000          4.000000                    37.000000              1.0      0.0      0.000000      2.0
50%                9.000000                  2.000000          5.000000                    40.000000              1.0      0.0      0.000000      2.0
75%               12.000000                  3.000000          6.000000                    40.000000              1.0      0.0      0.000000      2.0
max               18.000000                  5.000000         11.000000                    90.000000              1.0      0.0      4.000000      2.0
k grouping: 3
       num_small_appliances  num_members_in_household  household_income  primary_head_avg_work_hours  weekday_shopper       k2            k5       k8
count          11284.000000              11284.000000      11284.000000                 11284.000000          11284.0  11284.0  11284.000000  11284.0
mean               9.535448                  4.656682          5.757887                     9.627703              1.0      0.0      2.130539      3.0
std                2.849388                  0.984772          1.904727                    13.139820              0.0      0.0      1.483960      0.0
min                3.000000                  3.000000          1.000000                     0.000000              1.0      0.0      0.000000      3.0
25%                8.000000                  4.000000          5.000000                     0.000000              1.0      0.0      1.000000      3.0
50%                9.000000                  5.000000          6.000000                     0.000000              1.0      0.0      1.000000      3.0
75%               11.000000                  5.000000          7.000000                    20.000000              1.0      0.0      4.000000      3.0
max               19.000000                  8.000000         12.000000                    50.000000              1.0      0.0      4.000000      3.0
k grouping: 4
       num_small_appliances  num_members_in_household  household_income  primary_head_avg_work_hours  weekday_shopper       k2            k5       k8
count          11453.000000              11453.000000      11453.000000                 11453.000000          11453.0  11453.0  11453.000000  11453.0
mean              11.647778                  3.150092         11.152536                    17.291801              1.0      0.0      2.959399      4.0
std                3.979132                  1.224852          1.483596                    18.063291              0.0      0.0      0.304828      0.0
min                3.000000                  1.000000          8.000000                     0.000000              1.0      0.0      1.000000      4.0
25%                9.000000                  2.000000         10.000000                     0.000000              1.0      0.0      3.000000      4.0
50%               10.000000                  3.000000         11.000000                    15.000000              1.0      0.0      3.000000      4.0
75%               15.000000                  4.000000         12.000000                    35.000000              1.0      0.0      3.000000      4.0
max               21.000000                  7.000000         14.000000                    70.000000              1.0      0.0      4.000000      4.0
k grouping: 5
       num_small_appliances  num_members_in_household  household_income  primary_head_avg_work_hours  weekday_shopper       k2       k5       k8
count          19602.000000              19602.000000      19602.000000                 19602.000000          19602.0  19602.0  19602.0  19602.0
mean               7.124171                  1.771452          3.693552                     1.891644              1.0      0.0      4.0      5.0
std                2.413672                  0.643717          1.823946                     5.709647              0.0      0.0      0.0      0.0
min                0.000000                  1.000000          1.000000                     0.000000              1.0      0.0      4.0      5.0
25%                5.000000                  1.000000          2.000000                     0.000000              1.0      0.0      4.0      5.0
50%                7.000000                  2.000000          3.000000                     0.000000              1.0      0.0      4.0      5.0
75%                9.000000                  2.000000          5.000000                     0.000000              1.0      0.0      4.0      5.0
max               13.000000                  4.000000          9.000000                    30.000000              1.0      0.0      4.0      5.0
k grouping: 6
       num_small_appliances  num_members_in_household  household_income  primary_head_avg_work_hours  weekday_shopper       k2            k5       k8
count          11911.000000              11911.000000      11911.000000                 11911.000000          11911.0  11911.0  11911.000000  11911.0
mean              14.696835                  2.418269          5.026614                     4.079422              1.0      0.0      2.995215      6.0
std                2.272500                  0.899864          1.778889                     7.796999              0.0      0.0      1.476338      0.0
min               10.000000                  1.000000          1.000000                     0.000000              1.0      0.0      0.000000      6.0
25%               13.000000                  2.000000          4.000000                     0.000000              1.0      0.0      1.000000      6.0
50%               14.000000                  2.000000          5.000000                     0.000000              1.0      0.0      4.000000      6.0
75%               16.000000                  3.000000          6.000000                     4.000000              1.0      0.0      4.000000      6.0
max               21.000000                  5.000000          9.000000                    35.000000              1.0      0.0      4.000000      6.0
k grouping: 7
       num_small_appliances  num_members_in_household  household_income  primary_head_avg_work_hours  weekday_shopper       k2       k5       k8
count          10179.000000              10179.000000      10179.000000                 10179.000000          10179.0  10179.0  10179.0  10179.0
mean               9.308773                  2.569211          4.953237                    23.130956              0.0      1.0      2.0      7.0
std                3.380247                  1.120996          1.900547                    19.014051              0.0      0.0      0.0      0.0
min                1.000000                  1.000000          1.000000                     0.000000              0.0      1.0      2.0      7.0
25%                7.000000                  2.000000          4.000000                     0.000000              0.0      1.0      2.0      7.0
50%                9.000000                  2.000000          5.000000                    30.000000              0.0      1.0      2.0      7.0
75%               12.000000                  3.000000          6.000000                    40.000000              0.0      1.0      2.0      7.0
max               18.000000                  6.000000         12.000000                    80.000000              0.0      1.0      2.0      7.0




## with num_large_appliances

num clusters: 2
k grouping: 0
       num_large_appliances  num_small_appliances  num_members_in_household  household_income  primary_head_avg_work_hours  weekday_shopper       k2
count          92704.000000          92704.000000              92704.000000      92704.000000                 92704.000000          92704.0  92704.0
mean               8.184771             11.064032                  2.934652          6.076760                    20.117018              1.0      0.0
std                3.755324              4.160981                  1.376895          2.884009                    19.007082              0.0      0.0
min                0.000000              0.000000                  1.000000          1.000000                     0.000000              1.0      0.0
25%                5.000000              8.000000                  2.000000          4.000000                     0.000000              1.0      0.0
50%                8.000000             10.000000                  3.000000          6.000000                    20.000000              1.0      0.0
75%               12.000000             14.000000                  4.000000          8.000000                    40.000000              1.0      0.0
max               18.000000             21.000000                  8.000000         14.000000                    90.000000              1.0      0.0
k grouping: 1
       num_large_appliances  num_small_appliances  num_members_in_household  household_income  primary_head_avg_work_hours  weekday_shopper       k2
count          22551.000000          22551.000000              22551.000000      22551.000000                 22551.000000          22551.0  22551.0
mean               8.346149             11.553013                  3.108510          6.703783                    31.465523              0.0      1.0
std                3.595057              4.006992                  1.241798          2.639990                    17.589630              0.0      0.0
min                1.000000              1.000000                  1.000000          1.000000                     0.000000              0.0      1.0
25%                5.000000              8.000000                  2.000000          5.000000                    20.000000              0.0      1.0
50%                8.000000             12.000000                  3.000000          6.000000                    40.000000              0.0      1.0
75%               12.000000             15.000000                  4.000000          9.000000                    40.000000              0.0      1.0
max               18.000000             21.000000                  7.000000         14.000000                    80.000000              0.0      1.0



num clusters: 5
k grouping: 0
       num_large_appliances  num_small_appliances  num_members_in_household  household_income  primary_head_avg_work_hours  weekday_shopper       k2       k5
count          25240.000000          25240.000000              25240.000000      25240.000000                 25240.000000          25240.0  25240.0  25240.0
mean              11.944374             15.314580                  3.882211          8.168027                    30.003368              1.0      0.0      0.0
std                2.207741              2.531581                  1.321566          2.462898                    15.879976              0.0      0.0      0.0
min                5.000000              8.000000                  1.000000          2.000000                     0.000000              1.0      0.0      0.0
25%               10.000000             14.000000                  3.000000          6.000000                    20.000000              1.0      0.0      0.0
50%               12.000000             15.000000                  4.000000          8.000000                    36.000000              1.0      0.0      0.0
75%               14.000000             17.000000                  5.000000         10.000000                    40.000000              1.0      0.0      0.0
max               16.000000             21.000000                  8.000000         14.000000                    80.000000              1.0      0.0      0.0
k grouping: 1
       num_large_appliances  num_small_appliances  num_members_in_household  household_income  primary_head_avg_work_hours  weekday_shopper       k2       k5
count          24740.000000          24740.000000              24740.000000      24740.000000                 24740.000000          24740.0  24740.0  24740.0
mean               5.576597              8.904770                  2.863339          6.190986                    38.040905              1.0      0.0      1.0
std                2.165640              2.405257                  1.257034          2.631901                     8.707894              0.0      0.0      0.0
min                1.000000              3.000000                  1.000000          1.000000                     8.000000              1.0      0.0      1.0
25%                4.000000              7.000000                  2.000000          4.000000                    35.000000              1.0      0.0      1.0
50%                5.000000              9.000000                  3.000000          6.000000                    40.000000              1.0      0.0      1.0
75%                7.000000             10.000000                  4.000000          8.000000                    40.000000              1.0      0.0      1.0
max               12.000000             19.000000                  7.000000         14.000000                    90.000000              1.0      0.0      1.0
k grouping: 2
       num_large_appliances  num_small_appliances  num_members_in_household  household_income  primary_head_avg_work_hours  weekday_shopper       k2       k5
count          22551.000000          22551.000000              22551.000000      22551.000000                 22551.000000          22551.0  22551.0  22551.0
mean               8.346149             11.553013                  3.108510          6.703783                    31.465523              0.0      1.0      2.0
std                3.595057              4.006992                  1.241798          2.639990                    17.589630              0.0      0.0      0.0
min                1.000000              1.000000                  1.000000          1.000000                     0.000000              0.0      1.0      2.0
25%                5.000000              8.000000                  2.000000          5.000000                    20.000000              0.0      1.0      2.0
50%                8.000000             12.000000                  3.000000          6.000000                    40.000000              0.0      1.0      2.0
75%               12.000000             15.000000                  4.000000          9.000000                    40.000000              0.0      1.0      2.0
max               18.000000             21.000000                  7.000000         14.000000                    80.000000              0.0      1.0      2.0
k grouping: 3
       num_large_appliances  num_small_appliances  num_members_in_household  household_income  primary_head_avg_work_hours  weekday_shopper       k2       k5
count          18902.000000          18902.000000              18902.000000      18902.000000                 18902.000000          18902.0  18902.0  18902.0
mean              10.789599             13.203576                  2.513438          4.495292                     6.600148              1.0      0.0      3.0
std                2.006975              2.803293                  1.153984          1.759750                    11.871345              0.0      0.0      0.0
min                4.000000              6.000000                  1.000000          1.000000                     0.000000              1.0      0.0      3.0
25%               10.000000             11.000000                  2.000000          3.000000                     0.000000              1.0      0.0      3.0
50%               11.000000             13.000000                  2.000000          5.000000                     0.000000              1.0      0.0      3.0
75%               12.000000             15.000000                  3.000000          6.000000                    10.000000              1.0      0.0      3.0
max               18.000000             21.000000                  6.000000         10.000000                    45.000000              1.0      0.0      3.0
k grouping: 4
       num_large_appliances  num_small_appliances  num_members_in_household  household_income  primary_head_avg_work_hours  weekday_shopper       k2       k5
count          23822.000000          23822.000000              23822.000000      23822.000000                 23822.000000          23822.0  23822.0  23822.0
mean               4.843212              7.105281                  2.338972          4.997229                     1.752792              1.0      0.0      4.0
std                1.748915              2.248266                  1.173676          2.914348                     5.359011              0.0      0.0      0.0
min                0.000000              0.000000                  1.000000          1.000000                     0.000000              1.0      0.0      4.0
25%                4.000000              6.000000                  2.000000          3.000000                     0.000000              1.0      0.0      4.0
50%                5.000000              7.000000                  2.000000          5.000000                     0.000000              1.0      0.0      4.0
75%                6.000000              9.000000                  3.000000          7.000000                     0.000000              1.0      0.0      4.0
max               10.000000             16.000000                  8.000000         14.000000                    30.000000              1.0      0.0      4.0




num clusters: 8
k grouping: 0
       num_large_appliances  num_small_appliances  num_members_in_household  household_income  primary_head_avg_work_hours  weekday_shopper       k2            k5       k8
count          17802.000000          17802.000000              17802.000000      17802.000000                 17802.000000          17802.0  17802.0  17802.000000  17802.0
mean              11.272835             14.358106                  3.411134          6.021065                    38.323615              1.0      0.0      0.537861      0.0
std                2.168948              2.428415                  1.243644          1.603622                     9.134123              0.0      0.0      1.000112      0.0
min                6.000000              8.000000                  1.000000          2.000000                    15.000000              1.0      0.0      0.000000      0.0
25%               10.000000             13.000000                  2.000000          5.000000                    35.000000              1.0      0.0      0.000000      0.0
50%               12.000000             14.000000                  3.000000          6.000000                    40.000000              1.0      0.0      0.000000      0.0
75%               12.000000             16.000000                  4.000000          7.000000                    40.000000              1.0      0.0      1.000000      0.0
max               16.000000             21.000000                  7.000000         10.000000                    80.000000              1.0      0.0      3.000000      0.0
k grouping: 1
       num_large_appliances  num_small_appliances  num_members_in_household  household_income  primary_head_avg_work_hours  weekday_shopper       k2       k5       k8
count          10777.000000          10777.000000              10777.000000      10777.000000                 10777.000000          10777.0  10777.0  10777.0  10777.0
mean              11.417463             14.856732                  3.462559          7.314559                    34.065603              0.0      1.0      2.0      1.0
std                2.097981              2.418700                  1.213523          2.334095                    15.857513              0.0      0.0      0.0      0.0
min                6.000000              8.000000                  1.000000          3.000000                     0.000000              0.0      1.0      2.0      1.0
25%               10.000000             13.000000                  2.000000          6.000000                    32.000000              0.0      1.0      2.0      1.0
50%               12.000000             15.000000                  3.000000          7.000000                    40.000000              0.0      1.0      2.0      1.0
75%               12.000000             17.000000                  4.000000          9.000000                    40.000000              0.0      1.0      2.0      1.0
max               18.000000             21.000000                  7.000000         14.000000                    70.000000              0.0      1.0      2.0      1.0
k grouping: 2
       num_large_appliances  num_small_appliances  num_members_in_household  household_income  primary_head_avg_work_hours  weekday_shopper       k2            k5       k8
count          11281.000000          11281.000000              11281.000000      11281.000000                 11281.000000          11281.0  11281.0  11281.000000  11281.0
mean               5.820229              8.785037                  3.440121          9.901250                    18.489939              1.0      0.0      2.094495      2.0
std                1.376456              1.766907                  1.346186          2.033888                    18.853770              0.0      0.0      1.566755      0.0
min                2.000000              3.000000                  1.000000          5.000000                     0.000000              1.0      0.0      0.000000      2.0
25%                5.000000              8.000000                  2.000000          8.000000                     0.000000              1.0      0.0      1.000000      2.0
50%                6.000000              9.000000                  3.000000         10.000000                    16.000000              1.0      0.0      1.000000      2.0
75%                7.000000             10.000000                  4.000000         11.000000                    40.000000              1.0      0.0      4.000000      2.0
max               10.000000             15.000000                  8.000000         14.000000                    70.000000              1.0      0.0      4.000000      2.0
k grouping: 3
       num_large_appliances  num_small_appliances  num_members_in_household  household_income  primary_head_avg_work_hours  weekday_shopper       k2            k5       k8
count          19319.000000          19319.000000              19319.000000      19319.000000                 19319.000000          19319.0  19319.0  19319.000000  19319.0
mean               4.689321              6.850355                  2.125628          3.900978                     2.058336              1.0      0.0      3.985092      3.0
std                1.797194              2.321374                  1.061132          1.842173                     5.750477              0.0      0.0      0.121186      0.0
min                0.000000              0.000000                  1.000000          1.000000                     0.000000              1.0      0.0      3.000000      3.0
25%                4.000000              5.000000                  1.000000          2.000000                     0.000000              1.0      0.0      4.000000      3.0
50%                5.000000              7.000000                  2.000000          4.000000                     0.000000              1.0      0.0      4.000000      3.0
75%                6.000000              8.000000                  3.000000          5.000000                     0.000000              1.0      0.0      4.000000      3.0
max               10.000000             15.000000                  7.000000          9.000000                    30.000000              1.0      0.0      4.000000      3.0
k grouping: 4
       num_large_appliances  num_small_appliances  num_members_in_household  household_income  primary_head_avg_work_hours  weekday_shopper       k2       k5       k8
count          11774.000000          11774.000000              11774.000000      11774.000000                 11774.000000          11774.0  11774.0  11774.0  11774.0
mean               5.534907              8.529047                  2.784440          6.144726                    29.085612              0.0      1.0      2.0      4.0
std                2.046457              2.502518                  1.177268          2.776468                    18.724225              0.0      0.0      0.0      0.0
min                1.000000              1.000000                  1.000000          1.000000                     0.000000              0.0      1.0      2.0      4.0
25%                4.000000              7.000000                  2.000000          4.000000                     8.000000              0.0      1.0      2.0      4.0
50%                5.000000              9.000000                  3.000000          6.000000                    40.000000              0.0      1.0      2.0      4.0
75%                6.000000             10.000000                  4.000000          8.000000                    40.000000              0.0      1.0      2.0      4.0
max               14.000000             16.000000                  6.000000         14.000000                    80.000000              0.0      1.0      2.0      4.0
k grouping: 5
       num_large_appliances  num_small_appliances  num_members_in_household  household_income  primary_head_avg_work_hours  weekday_shopper       k2            k5       k8
count          11363.000000          11363.000000              11363.000000      11363.000000                 11363.000000          11363.0  11363.0  11363.000000  11363.0
mean              12.591041             16.268415                  3.987503          9.806741                    22.461410              1.0      0.0      0.044883      5.0
std                1.841085              2.218232                  1.326488          1.837856                    16.071269              0.0      0.0      0.364204      0.0
min                7.000000              9.000000                  2.000000          5.000000                     0.000000              1.0      0.0      0.000000      5.0
25%               12.000000             15.000000                  3.000000          9.000000                     5.000000              1.0      0.0      0.000000      5.0
50%               12.000000             16.000000                  4.000000         10.000000                    24.000000              1.0      0.0      0.000000      5.0
75%               14.000000             18.000000                  5.000000         11.000000                    40.000000              1.0      0.0      0.000000      5.0
max               16.000000             21.000000                  7.000000         14.000000                    60.000000              1.0      0.0      3.000000      5.0
k grouping: 6
       num_large_appliances  num_small_appliances  num_members_in_household  household_income  primary_head_avg_work_hours  weekday_shopper       k2            k5       k8
count          16570.000000          16570.000000              16570.000000      16570.000000                 16570.000000          16570.0  16570.0  16570.000000  16570.0
mean               4.922209              8.463066                  2.653893          5.022390                    38.287568              1.0      0.0      1.047737      6.0
std                1.888860              2.304507                  1.237359          1.827769                     7.714232              0.0      0.0      0.337672      0.0
min                1.000000              3.000000                  1.000000          1.000000                    15.000000              1.0      0.0      1.000000      6.0
25%                4.000000              7.000000                  2.000000          4.000000                    36.000000              1.0      0.0      1.000000      6.0
50%                5.000000              8.000000                  2.000000          5.000000                    40.000000              1.0      0.0      1.000000      6.0
75%                6.000000             10.000000                  4.000000          6.000000                    40.000000              1.0      0.0      1.000000      6.0
max               12.000000             19.000000                  6.000000         10.000000                    90.000000              1.0      0.0      4.000000      6.0
k grouping: 7
       num_large_appliances  num_small_appliances  num_members_in_household  household_income  primary_head_avg_work_hours  weekday_shopper       k2            k5       k8
count          16369.000000          16369.000000              16369.000000      16369.000000                 16369.000000          16369.0  16369.0  16369.000000  16369.0
mean              10.825218             13.045391                  2.576272          4.547559                     2.729977              1.0      0.0      2.973425      7.0
std                1.949556              2.903036                  1.238116          1.712919                     6.648459              0.0      0.0      0.387475      0.0
min                4.000000              6.000000                  1.000000          1.000000                     0.000000              1.0      0.0      0.000000      7.0
25%               10.000000             11.000000                  2.000000          3.000000                     0.000000              1.0      0.0      3.000000      7.0
50%               11.000000             13.000000                  2.000000          5.000000                     0.000000              1.0      0.0      3.000000      7.0
75%               12.000000             15.000000                  3.000000          6.000000                     0.000000              1.0      0.0      3.000000      7.0
max               18.000000             21.000000                  7.000000          9.000000                    35.000000              1.0      0.0      4.000000      7.0

